Train set[array([ 4340, 11179, 18553, 26808, 36518, 47417, 54664, 55080, 47723,
       36458, 27136, 18456, 11113,  4551]),
 array([0, 0, 0, 0, 0, 0, 0, 0, 0, 0, 0, 0, 0, 0]),
 array([0, 0, 0, 0, 0, 0, 0, 0, 0, 0, 0, 0, 0, 0]),
 array([0, 0, 0, 0, 0, 0, 0, 0, 0, 0, 0, 0, 0, 0]),
 array([0, 0, 0, 0, 0, 0, 0, 0, 0, 0, 0, 0, 0, 0])]Train set[array([ 4455, 10553, 18655, 27545, 36640, 47854, 54684, 54945, 47396,
       36236, 27084, 18103, 11298,  4556]),
 array([ 3209,  9350, 18802, 29473, 39747, 47401, 52075, 51692, 47942,
       39614, 29706, 18323,  9398,  3272]),
 array([ 3198,  9492, 18112, 30132, 40324, 47631, 50931, 51705, 47826,
       39810, 29393, 18799,  9386,  3265]),
 array([ 3120,  9466, 18969, 29492, 39864, 48334, 51373, 51717, 47697,
       39670, 28912, 18873,  9275,  3242]),
 array([ 3112,  9256, 18909, 29152, 41050, 48004, 51089, 51214, 47157,
       40380, 29266, 18498,  9620,  3297])]