Train set[array([ 7319, 17840, 30363, 44959, 60252, 78761, 90468, 90772, 78726,
       60019, 44693, 30150, 18327,  7347]),
 array([0, 0, 0, 0, 0, 0, 0, 0, 0, 0, 0, 0, 0, 0]),
 array([0, 0, 0, 0, 0, 0, 0, 0, 0, 0, 0, 0, 0, 0]),
 array([0, 0, 0, 0, 0, 0, 0, 0, 0, 0, 0, 0, 0, 0]),
 array([0, 0, 0, 0, 0, 0, 0, 0, 0, 0, 0, 0, 0, 0])]Train set[array([ 3610,  9323, 15944, 22700, 31023, 40326, 46726, 46550, 40196,
       30999, 23121, 15711,  9687,  4088]),
 array([0, 0, 0, 0, 0, 0, 0, 0, 0, 0, 0, 0, 0, 0]),
 array([0, 0, 0, 0, 0, 0, 0, 0, 0, 0, 0, 0, 0, 0]),
 array([0, 0, 0, 0, 0, 0, 0, 0, 0, 0, 0, 0, 0, 0]),
 array([0, 0, 0, 0, 0, 0, 0, 0, 0, 0, 0, 0, 0, 0])]