Train set[array([ 1474,  3600,  6197,  9100, 11924, 15745, 17862, 18181, 15746,
       12235,  8902,  6084,  3534,  1412]),
 array([ 1029,  3221,  6301, 10157, 13068, 15450, 17114, 17000, 15291,
       12924, 10116,  6149,  3185,   991]),
 array([ 1092,  3099,  6067,  9766, 13059, 15596, 16813, 17285, 15904,
       13381,  9828,  6107,  3011,   988]),
 array([ 1028,  3120,  6016,  9794, 13384, 15785, 16856, 17591, 15603,
       13008,  9518,  6216,  3085,   992]),
 array([ 1094,  3170,  6133,  9603, 13586, 15745, 17389, 17038, 15197,
       13042,  9765,  6016,  3131,  1087])]Train set[array([ 739, 1821, 3041, 4408, 6219, 8022, 9548, 9238, 8079, 6225, 4753,
       3135, 1942,  834]),
 array([ 533, 1537, 3049, 4673, 6698, 7961, 8871, 8935, 8411, 6750, 5162,
       3080, 1736,  608]),
 array([ 531, 1569, 3067, 4933, 6829, 8144, 8863, 8586, 8205, 6698, 5085,
       3286, 1672,  536]),
 array([ 554, 1560, 3016, 4884, 6744, 8144, 8633, 8697, 8127, 7022, 4997,
       3301, 1704,  621]),
 array([ 496, 1590, 3098, 4924, 6910, 8070, 8710, 8716, 8156, 6809, 5236,
       3052, 1674,  563])]